   0.050    0.204
   0.210    0.170
   0.232    0.270
   0.379    0.045
   0.459    0.036
   0.558    0.072
   0.630    0.050
   0.878    0.338
   1.005    0.112
   1.098    0.017
   1.126    0.002
   1.289    0.016
   1.340    0.019
   1.352    0.015
   1.376    0.759
   1.559    0.080
   1.594    0.105
   1.668    0.113
   2.029    0.076
   2.176    0.038
   2.323    0.083
   2.545    0.057
   2.589    0.037
   2.840    0.183
   3.138    0.008
   3.147    0.083
   3.256    0.024
   3.299    0.245
   3.301    0.007
   3.308    0.068
   3.661    0.030
   3.851    0.258
   3.928    0.034
   4.071    0.052
   4.181    0.080
   4.185    0.084
   4.454    0.064
   4.582    0.297
   4.716    0.037
   4.760    0.114
   4.778    0.129
   4.990    0.064
   5.030    0.196
   5.254    0.029
   5.370    0.048
   5.459    0.348
   5.654    0.119
   5.912    0.064
   6.081    0.056
   6.322    0.128
   6.347    0.073
   6.599    0.333
   6.812    0.018
   6.869    0.114
   6.902    0.107
   6.939    0.171
   6.964    0.066
   6.997    0.023
   7.051    0.090
   7.288    0.021
   7.301    0.012
   7.444    0.076
   7.718    0.465
   7.766    0.128
   7.812    0.154
   7.838    0.039
   7.866    0.098
   7.998    0.018
   8.156    0.015
   8.292    0.020
   8.592    0.009
   8.666    0.006
   8.693    0.022
   8.825    0.178
   9.168    0.119
   9.310    0.113
   9.325    0.011
   9.333    0.082
   9.356    0.008
   9.527    0.069
   9.668    0.095
   9.685    0.006
   9.708    1.328
   9.721    0.245
   9.727    0.680
   9.735    0.227
   9.991    0.000
  10.011    0.100
  10.061    0.020
  10.232    0.271
  10.312    0.049
  10.373    0.096
  10.383    0.129
  10.525    0.084
  11.010    0.040
  11.220    0.096
  11.320    0.153
  11.457    0.004
  11.717    0.199
  11.895    0.230
  12.031    0.432
  12.442    0.260
  12.511    0.122
  12.688    0.020
  12.696    0.244
  12.724    0.117
  12.750    0.110
  12.788    0.134
  12.815    0.044
  12.915    0.009
  13.020    0.028
  13.376    0.079
  13.455    0.037
  13.467    0.141
  13.557    0.071
  13.617    0.321
  13.805    0.046
  13.805    0.063
  13.897    0.047
  13.923    0.199
  13.989    0.125
  14.026    0.073
  14.046    0.138
  14.050    0.108
  14.169    0.059
  14.270    0.125
  14.291    0.047
  14.389    0.104
  14.429    0.146
  14.452    0.150
  14.567    0.282
  14.597    0.118
  14.606    0.084
  14.816    0.034
  14.826    0.129
  14.871    0.013
  14.961    0.096
  14.995    0.122
  15.029    0.166
  15.050    0.044
  15.050    0.462
  15.091    0.195
  15.148    0.023
  15.399    0.354
  15.519    0.161
  15.635    0.014
  15.784    0.054
  16.032    0.318
  16.055    0.220
  16.134    0.175
  16.369    0.039
  16.576    0.267
  16.662    0.077
  16.694    0.020
  16.762    0.222
  16.951    0.069
  16.986    0.076
  17.101    0.022
  17.116    0.144
  17.184    0.103
  17.312    0.202
  17.338    0.022
  17.350    0.077
  17.395    0.017
  17.664    0.044
  17.761    0.266
  17.932    0.201
  17.972    0.076
  18.080    0.056
  18.110    0.104
  18.117    0.018
  18.222    0.013
  18.256    0.050
  18.265    0.045
  18.538    0.062
  18.569    0.097
  18.712    0.119
  18.729    0.074
  18.827    0.238
  18.851    0.081
  18.906    0.091
  18.956    0.197
  18.996    0.031
  19.098    0.145
  19.139    0.465
  19.154    0.253
  19.154    0.059
  19.303    0.170
  19.315    0.039
  19.443    0.223
  19.502    0.006
  19.626    0.478
  19.690    0.026
  19.700    0.223
  19.748    0.012
  19.855    0.040
  19.869    0.184
  19.875    0.006
  20.026    0.068
  20.085    0.131
  20.174    0.014
  20.249    0.096
  20.294    0.100
  20.514    0.040
  20.532    0.072
  20.607    0.105
  20.698    0.107
  20.875    0.030
  20.885    0.008
  20.904    0.286
  20.929    0.073
  20.964    0.195
  21.174    0.049
  21.343    0.047
  21.347    0.120
  21.497    0.033
  21.678    0.109
  21.703    0.041
  21.798    0.025
  21.910    0.013
  22.037    0.169
  22.089    0.025
  22.146    0.042
  22.194    0.029
  22.211    0.085
  22.213    0.090
  22.261    0.053
  22.394    0.040
  22.499    0.034
  22.751    0.089
  22.917    0.129
  22.955    0.133
  22.955    0.115
  23.141    0.085
  23.244    0.107
  23.295    0.081
  23.422    0.050
  23.535    0.180
  23.539    0.018
  23.654    0.007
  23.751    0.023
  23.835    0.134
  23.835    0.000
  23.866    0.040
  24.061    0.118
  24.102    0.022
  24.314    0.122
  24.351    0.118
  24.372    0.240
  24.442    0.019
  24.554    0.196
  24.576    0.261
  24.698    0.056
  24.777    0.226
  25.047    0.149
  25.308    0.029
  25.579    0.089
  25.659    0.076
  25.820    0.311
  25.910    0.187
  26.446    0.119
  26.486    0.305
  26.575    0.230
  26.717    0.113
  26.875    0.166
  26.968    0.034
  26.986    0.071
  27.187    0.176
  27.296    0.229
  27.391    0.059
  27.494    0.101
  27.510    0.086
  27.514    0.096
  27.587    0.134
  27.659    0.199
  27.726    0.013
  27.731    0.079
  27.780    0.187
  27.840    0.113
  27.893    0.017
  27.946    0.032
  28.072    0.002
  28.240    0.095
  28.299    0.097
  28.832    0.072
  28.840    0.007
  28.931    0.114
  28.956    0.028
  29.213    0.111
  29.275    0.149
  29.465    0.064
  29.762    0.339
  29.908    0.255
  29.985    0.045
  30.050    0.027
  30.113    0.332
  30.455    0.240
  30.516    0.023
  30.661    0.168
  30.691    0.261
  31.022    0.159
  31.074    0.045
  31.154    0.091
  31.176    0.108
  31.220    0.072
  31.469    0.118
  31.562    0.026
  31.573    0.223
  31.596    0.052
  31.685    0.116
  31.776    0.125
  31.858    0.007
  31.886    0.092
  31.928    0.002
  32.186    0.001
  32.333    0.102
  32.604    0.242
  32.663    0.021
  32.822    0.074
  33.159    0.113
  33.194    0.019
  33.239    0.238
  33.377    0.255
  33.409    0.072
  33.422    0.326
  33.519    0.223
  33.778    0.141
  33.811    0.023
  33.834    0.020
  33.853    0.109
  33.879    0.015
  33.880    0.326
  33.893    0.019
  33.998    0.069
  34.008    0.274
  34.016    0.106
  34.084    0.056
  34.119    0.064
  34.362    0.031
  34.383    0.093
  34.440    0.004
  34.580    0.187
  35.200    0.049
  35.274    0.004
  35.383    0.025
  35.422    0.134
  35.526    0.245
  35.531    0.046
  35.694    0.162
  35.809    0.133
  35.846    0.261
  35.881    0.155
  35.902    0.184
  35.908    0.099
  35.925    0.012
  35.940    0.031
  35.946    0.099
  36.237    0.245
  36.496    0.006
  36.526    0.070
  36.544    0.098
  36.609    0.098
  36.869    0.188
  36.957    0.083
  36.982    0.145
  37.082    0.034
  37.084    0.086
  37.127    0.298
  37.201    0.026
  37.238    0.057
  37.341    0.127
  37.372    0.065
  37.413    0.135
  37.555    0.027
  37.670    0.033
  37.857    0.002
  37.949    0.213
  38.059    0.043
  38.247    0.083
  38.277    0.032
  38.349    0.008
  38.444    0.245
  38.616    0.084
  38.749    0.355
  38.794    0.047
  38.796    0.005
  38.863    0.001
  38.986    0.039
  39.057    0.191
  39.065    0.070
  39.131    0.024
  39.136    0.285
  39.164    0.010
  39.258    0.138
  39.584    0.011
  39.603    0.225
  39.744    0.072
  39.745    0.167
  39.878    0.096
  40.134    0.151
  40.289    0.011
  40.300    0.325
  40.327    0.036
  40.337    0.184
  40.369    0.153
  40.647    0.021
  40.657    0.159
  40.844    0.441
  40.962    0.046
  41.019    0.068
  41.058    0.118
  41.072    0.102
  41.119    0.009
  41.227    0.016
  41.440    0.014
  41.463    0.097
  41.539    0.123
  41.826    0.042
  41.839    0.162
  41.911    0.004
  41.935    0.057
  41.952    0.067
  42.009    0.041
  42.114    0.001
  42.176    0.015
  42.327    0.010
  42.443    0.171
  42.645    0.268
  42.650    0.007
  42.669    0.083
  42.681    0.292
  42.771    0.055
  42.892    0.113
  42.944    0.086
  43.030    0.192
  43.055    0.283
  43.102    0.173
  43.112    0.053
  43.161    0.183
  43.434    0.153
  43.612    0.210
  43.712    0.139
  43.810    0.081
  43.897    0.078
  43.900    0.124
  43.991    0.157
  44.007    0.017
  44.157    0.024
  44.290    0.207
  44.400    0.023
  44.411    0.042
  44.422    0.244
  44.453    0.073
  44.487    0.025
  44.781    0.119
  44.852    0.028
  45.127    0.167
  45.162    0.017
  45.266    0.091
  45.292    0.230
  45.391    0.125
  45.559    0.199
  45.562    0.165
  45.658    0.099
  45.807    0.160
  45.815    0.037
  45.834    0.236
  45.879    0.022
  45.926    0.065
  45.937    0.116
  46.140    0.044
  46.151    0.104
  46.290    0.182
  46.336    0.057
  46.367    0.056
  46.374    0.102
  46.431    0.258
  46.543    0.237
  46.607    0.069
  46.633    0.038
  46.718    0.031
  46.732    0.040
  46.797    0.154
  46.819    0.074
  46.833    0.218
  46.853    0.039
  47.085    0.000
  47.250    0.038
  47.366    0.117
  47.371    0.021
  47.520    0.357
  47.717    0.013
  48.232    0.026
  48.343    0.085
  48.519    0.070
  48.643    0.248
  48.665    0.058
  48.682    0.202
  48.721    0.124
  48.797    0.047
  48.899    0.068
  48.961    0.140
  48.961    0.087
  48.983    0.035
  49.041    0.131
  49.147    0.030
  49.190    0.027
  49.246    0.080
  49.251    0.047
  49.417    0.011
  49.848    0.235
  49.882    0.082
  49.926    0.022
  50.119    0.064
  50.273    0.128
  50.288    0.054
  50.299    0.062
  50.642    0.102
  50.845    0.013
  51.008    0.019
  51.058    0.042
  51.134    0.068
  51.485    0.152
  51.494    0.354
  51.500    0.002
  51.729    0.254
  51.784    0.005
  51.808    0.023
  51.906    0.167
  51.968    0.008
  52.029    0.058
  52.210    0.102
  52.233    0.092
  52.344    0.181
  52.673    0.008
  52.721    0.072
  52.988    0.049
  52.999    0.276
  53.208    0.257
  53.462    0.024
  53.471    0.293
  53.817    0.191
  53.817    0.079
  53.851    0.023
  53.882    0.110
  53.885    0.153
  53.928    0.142
  53.962    0.228
  54.074    0.089
  54.172    0.351
  54.229    0.113
  54.782    0.001
  55.042    0.050
  55.073    0.012
  55.107    0.179
  55.238    0.023
  55.238    0.053
  55.459    0.133
  55.676    0.001
  55.778    0.022
  56.038    0.018
  56.242    0.125
  56.321    0.036
  56.497    0.019
  56.509    0.028
  56.707    0.067
  56.768    0.088
  57.009    0.216
  57.321    0.054
  57.342    0.021
  57.387    0.032
  57.486    0.277
  57.581    0.051
  57.629    0.081
  57.747    0.077
  57.852    0.002
  57.971    0.107
  58.196    0.082
  58.309    0.031
  58.371    0.143
  58.391    0.172
  58.431    0.044
  58.451    0.113
  58.454    0.031
  58.508    0.017
  58.557    0.027
  58.571    0.167
  58.586    0.001
  58.662    0.152
  58.690    0.082
  58.768    0.028
  58.954    0.253
  59.008    0.030
  59.073    0.149
  59.135    0.011
  59.348    0.315
  59.379    0.114
  59.411    0.027
  59.473    0.066
  59.561    0.040
  59.633    0.232
  59.739    0.397
  60.159    0.115
  60.209    0.178
  60.247    0.081
  60.382    0.112
  60.459    0.222
  60.469    0.098
  60.508    0.335
  60.513    0.095
  60.585    0.172
  60.641    0.286
  60.656    0.170
  60.683    0.136
  60.683    0.101
  60.747    0.190
  60.904    0.082
  60.922    0.015
  61.182    0.166
  61.216    0.090
  61.238    0.032
  61.250    0.004
  61.346    0.144
  61.459    0.026
  61.614    0.312
  61.744    0.142
  61.848    0.041
  61.857    0.019
  62.053    0.171
  62.101    0.043
  62.117    0.224
  62.166    0.214
  62.565    0.300
  62.688    0.091
  62.700    0.264
  62.717    0.000
  62.720    0.041
  62.724    0.035
  62.789    0.116
  62.878    0.139
  62.935    0.035
  63.020    0.042
  63.083    0.009
  63.283    0.121
  63.710    0.044
  63.731    0.031
  63.742    0.015
  63.748    0.098
  63.763    0.010
  64.220    0.163
  64.366    0.033
  64.449    0.017
  64.502    0.179
  64.562    0.102
  64.599    0.246
  64.616    0.004
  64.659    0.153
  64.835    0.146
  64.885    0.189
  64.901    0.131
  65.181    0.053
  65.251    0.046
  65.511    0.005
  65.524    0.093
  65.565    0.008
  65.604    0.013
  65.634    0.012
  65.871    0.244
  65.938    0.123
  66.020    0.049
  66.070    0.179
  66.149    0.140
  66.208    0.150
  66.290    0.052
  66.297    0.204
  66.322    0.135
  66.326    0.001
  66.331    0.145
  66.366    0.387
  66.370    0.021
  66.403    0.112
  66.538    0.050
  66.566    0.086
  66.589    0.116
  66.590    0.148
  66.667    0.161
  66.732    0.055
  66.747    0.010
  66.808    0.292
  66.954    0.131
  67.005    0.083
  67.081    0.506
  67.207    0.064
  67.260    0.096
  67.398    0.002
  67.502    0.065
  67.667    0.003
  67.751    0.054
  67.754    0.006
  67.911    0.166
  67.989    0.004
  68.045    0.044
  68.098    0.002
  68.395    0.092
  68.425    0.229
  68.476    0.140
  68.599    0.117
  68.608    0.301
  68.680    0.061
  68.738    0.077
  69.024    0.034
  69.059    0.010
  69.123    0.154
  69.286    0.219
  69.387    0.079
  69.466    0.101
  69.727    0.021
  69.749    0.408
  69.826    0.046
  69.850    0.017
  70.048    0.175
  70.106    0.105
  70.185    0.093
  70.689    0.084
  70.692    0.007
  70.731    0.063
  70.804    0.402
  70.932    0.106
  70.996    0.553
  71.066    0.083
  71.079    0.013
  71.113    0.005
  71.115    0.006
  71.164    0.073
  71.262    0.091
  71.305    0.103
  71.330    0.074
  71.335    0.175
  71.375    0.160
  71.547    0.005
  71.613    0.049
  71.653    0.017
  71.794    0.798
  72.281    0.006
  72.367    0.029
  72.409    0.076
  72.487    0.135
  72.626    0.108
  72.637    0.091
  72.650    0.017
  72.787    0.144
  72.811    0.071
  72.842    0.367
  72.971    0.034
  73.009    0.099
  73.302    0.088
  73.419    0.175
  73.577    0.036
  73.617    0.066
  73.729    0.171
  73.762    0.263
  73.856    0.002
  73.958    0.190
  74.006    0.050
  74.076    0.150
  74.139    0.077
  74.492    0.032
  74.516    0.126
  74.806    0.030
  74.981    0.314
  75.048    0.033
  75.053    0.165
  75.058    0.022
  75.156    0.207
  75.256    0.053
  75.289    0.040
  75.327    0.267
  75.458    0.248
  75.487    0.349
  75.607    0.013
  75.701    0.158
  75.702    0.020
  75.888    0.096
  76.057    0.029
  76.075    0.173
  76.080    0.114
  76.133    0.119
  76.313    0.012
  76.601    0.069
  76.784    0.069
  76.928    0.095
  76.994    0.015
  76.996    0.009
  77.000    0.027
  77.039    0.035
  77.041    0.148
  77.272    0.298
  77.344    0.005
  77.375    0.151
  77.451    0.044
  77.795    0.063
  77.804    0.096
  77.918    0.053
  78.104    0.290
  78.153    0.108
  78.174    0.128
  78.339    0.018
  78.365    0.127
  78.588    0.191
  78.598    0.035
  78.598    0.027
  78.614    0.014
  78.631    0.260
  78.735    0.119
  79.150    0.062
  79.349    0.022
  79.491    0.338
  79.532    0.343
  79.745    0.064
  79.751    0.022
  79.949    0.035
  80.003    0.033
  80.279    0.123
  80.346    0.116
  80.594    0.197
  80.599    0.096
  80.719    0.280
  80.892    0.023
  81.081    0.218
  81.114    0.071
  81.219    0.198
  81.373    0.018
  81.384    0.059
  81.572    0.014
  81.607    0.466
  81.637    0.265
  81.655    0.019
  81.830    0.123
  81.868    0.012
  82.136    0.042
  82.363    0.030
  82.379    0.412
  82.397    0.101
  82.458    0.418
  82.518    0.002
  82.705    0.151
  82.928    0.011
  82.999    0.111
  83.137    0.647
  83.538    0.049
  83.569    0.005
  83.592    0.030
  83.827    0.062
  83.902    0.003
  83.945    0.028
  84.006    0.069
  84.063    0.031
  84.246    0.105
  84.335    0.102
  84.431    0.039
  84.435    0.004
  84.449    0.069
  84.459    0.297
  84.721    0.114
  85.264    0.204
  85.481    0.267
  85.497    0.033
  85.613    0.010
  85.626    0.006
  85.658    0.027
  85.771    0.070
  85.895    0.145
  85.937    0.013
  86.063    0.089
  86.250    0.292
  86.579    0.045
  86.737    0.240
  86.906    0.011
  87.039    0.242
  87.169    0.151
  87.275    0.146
  87.737    0.106
  87.859    0.177
  88.045    0.126
  88.271    0.193
  88.305    0.014
  88.492    0.095
  88.608    0.000
  88.689    0.023
  88.701    0.057
  88.834    0.057
  88.868    0.009
  88.886    0.084
  88.940    0.012
  89.125    0.263
  89.227    0.017
  89.369    0.076
  89.403    0.110
  89.440    0.069
  89.473    0.017
  89.503    0.025
  89.651    0.095
  89.738    0.012
  89.771    0.069
  89.971    0.016
  90.047    0.057
  90.111    0.102
  90.125    0.190
  90.377    0.115
  90.457    0.088
  90.574    0.160
  90.604    0.023
  90.773    0.066
  91.015    0.089
  91.132    0.014
  91.170    0.024
  91.318    0.320
  91.323    0.011
  91.404    0.048
  91.470    0.045
  91.601    0.060
  91.603    0.002
  91.784    0.025
  91.974    0.018
  92.092    0.157
  92.165    0.057
  92.254    0.054
  92.433    0.166
  92.473    0.058
  92.547    0.151
  92.829    0.002
  93.148    0.209
  93.432    0.139
  93.438    0.000
  93.479    0.076
  93.724    0.089
  93.808    0.007
  93.839    0.297
  93.847    0.058
  93.864    0.014
  93.937    0.164
  93.954    0.127
  94.015    0.013
  94.088    0.495
  94.219    0.170
  94.379    0.005
  94.599    0.124
  94.648    0.157
  94.791    0.197
  94.830    0.066
  95.459    0.011
  95.476    0.030
  95.495    0.093
  95.849    0.062
  95.927    0.032
  95.929    0.016
  96.097    0.007
  96.115    0.021
  96.133    0.035
  96.138    0.128
  96.268    0.250
  96.351    0.211
  96.445    0.106
  96.504    0.336
  96.555    0.051
  96.617    0.164
  96.618    0.056
  96.951    0.108
  96.956    0.022
  97.012    0.304
  97.019    0.099
  97.124    0.066
  97.221    0.235
  97.237    0.192
  97.308    0.170
  97.421    0.025
  97.426    0.030
  97.615    0.031
  97.637    0.119
  97.640    0.039
  97.646    0.101
  98.154    0.075
  98.166    0.009
  98.195    0.352
  98.419    0.019
  98.557    0.127
  98.571    0.361
  98.754    0.057
  98.780    0.152
  98.855    0.502
  98.876    0.146
  99.214    0.026
  99.273    0.030
  99.499    0.187
  99.510    0.115
  99.538    0.281
  99.591    0.021
  99.619    0.030
  99.640    0.081
  99.754    0.077
